{
 "cells": [
  {
   "cell_type": "code",
   "execution_count": 1,
   "id": "polish-soundtrack",
   "metadata": {},
   "outputs": [],
   "source": [
    "import pandas as pd"
   ]
  },
  {
   "cell_type": "code",
   "execution_count": 2,
   "id": "republican-foundation",
   "metadata": {},
   "outputs": [],
   "source": [
    "data = pd.read_csv('./data_files/clean_data_with_orgs.csv', lineterminator='\\n',index_col=0)\n",
    "#data.shape"
   ]
  },
  {
   "cell_type": "markdown",
   "id": "capable-theater",
   "metadata": {},
   "source": [
    "# Get ticker Mentions and Prices "
   ]
  },
  {
   "cell_type": "code",
   "execution_count": 208,
   "id": "expanded-header",
   "metadata": {},
   "outputs": [],
   "source": [
    "def get_prices(ticker):\n",
    "    prices = pd.read_csv('../Yahoo finance Scripts/data/'+ticker+'.csv',index_col=0)\n",
    "    prices.reset_index(level=0, inplace=True) \n",
    "    prices.rename(columns = {'index':'date'}, inplace = True)\n",
    "    #prices = RBLX_prices.iloc[8:19]\n",
    "    prices['date']= pd.to_datetime(prices['date'])\n",
    "    return(prices)"
   ]
  },
  {
   "cell_type": "code",
   "execution_count": 215,
   "id": "dependent-multimedia",
   "metadata": {},
   "outputs": [],
   "source": [
    "#subreddits = ['wallstreetbets', 'stocks', 'investing', 'StockMarket','pennystocks','algotrading', 'RobinHood']\n",
    "subreddits = ['wallstreetbets', 'stocks', 'investing', 'StockMarket']\n",
    "mentions = pd.DataFrame()\n",
    "def get_stats(ticker):\n",
    "    df = pd.DataFrame()\n",
    "    tickers = data[data['Organizations'].apply(lambda x: ticker in x)]\n",
    "    tickers = tickers[['created','subreddit', 'Organizations']]\n",
    "    for subreddit in subreddits:\n",
    "        subreddits_grp = tickers.groupby(['subreddit'])\n",
    "        mentions = subreddits_grp.get_group(subreddit)\n",
    "        mentions = mentions['created'].value_counts()\n",
    "        df[''+subreddit+''] = mentions\n",
    "    # repace NaN with 0\n",
    "    df = df.fillna(0)\n",
    "    # combine and split subreddits\n",
    "    df['all_minus_wsb'] = df['stocks'] + df['investing'] + df['StockMarket']\n",
    "    df['all_combined'] = df['stocks'] + df['investing'] + df['StockMarket'] + df['wallstreetbets']\n",
    "    # taking date out of index and casting it to date type for later merging\n",
    "    df.reset_index(level=0, inplace=True)\n",
    "    df.rename(columns = {'index':'date'}, inplace = True)\n",
    "    df['date']= pd.to_datetime(df['date'])\n",
    "    # merge prices into dataframe\n",
    "    prices = get_prices(ticker)\n",
    "    df = df.merge(prices, how='inner', left_on='date', right_on='date')\n",
    "    df.rename(columns = {'Adj Close':'price'}, inplace = True)\n",
    "    return df"
   ]
  },
  {
   "cell_type": "markdown",
   "id": "whole-bailey",
   "metadata": {},
   "source": [
    "#### Print correlation matrix for top 20 tickers"
   ]
  },
  {
   "cell_type": "code",
   "execution_count": 210,
   "id": "flush-sauce",
   "metadata": {
    "collapsed": true,
    "jupyter": {
     "outputs_hidden": true
    }
   },
   "outputs": [
    {
     "name": "stdout",
     "output_type": "stream",
     "text": [
      "AMC: \n",
      "                       wallstreetbets    stocks  investing  StockMarket  \\\n",
      "wallstreetbets               1.000000  0.825933   0.727781     0.855823   \n",
      "stocks                       0.825933  1.000000   0.584774     0.690352   \n",
      "investing                    0.727781  0.584774   1.000000     0.556727   \n",
      "StockMarket                  0.855823  0.690352   0.556727     1.000000   \n",
      "all_minus_StockMarket        0.999977  0.829723   0.728346     0.855494   \n",
      "all_minus_wsb                0.923421  0.931200   0.667603     0.902968   \n",
      "all_combined                 0.999966  0.829514   0.727661     0.858207   \n",
      "price                        0.754921  0.730358   0.473908     0.549270   \n",
      "\n",
      "                       all_minus_StockMarket  all_minus_wsb  all_combined  \\\n",
      "wallstreetbets                      0.999977       0.923421      0.999966   \n",
      "stocks                              0.829723       0.931200      0.829514   \n",
      "investing                           0.728346       0.667603      0.727661   \n",
      "StockMarket                         0.855494       0.902968      0.858207   \n",
      "all_minus_StockMarket               1.000000       0.925426      0.999986   \n",
      "all_minus_wsb                       0.925426       1.000000      0.926544   \n",
      "all_combined                        0.999986       0.926544      1.000000   \n",
      "price                               0.756068       0.705083      0.755067   \n",
      "\n",
      "                          price  \n",
      "wallstreetbets         0.754921  \n",
      "stocks                 0.730358  \n",
      "investing              0.473908  \n",
      "StockMarket            0.549270  \n",
      "all_minus_StockMarket  0.756068  \n",
      "all_minus_wsb          0.705083  \n",
      "all_combined           0.755067  \n",
      "price                  1.000000  \n",
      "********************\n",
      "GME: \n",
      "                       wallstreetbets    stocks  investing  StockMarket  \\\n",
      "wallstreetbets               1.000000  0.699733   0.639687     0.477475   \n",
      "stocks                       0.699733  1.000000   0.304490     0.306313   \n",
      "investing                    0.639687  0.304490   1.000000     0.447002   \n",
      "StockMarket                  0.477475  0.306313   0.447002     1.000000   \n",
      "all_minus_StockMarket        0.999742  0.715450   0.638399     0.477296   \n",
      "all_minus_wsb                0.773390  0.839485   0.545365     0.764764   \n",
      "all_combined                 0.999493  0.714359   0.641906     0.497093   \n",
      "price                        0.790664  0.465653   0.426293     0.329889   \n",
      "\n",
      "                       all_minus_StockMarket  all_minus_wsb  all_combined  \\\n",
      "wallstreetbets                      0.999742       0.773390      0.999493   \n",
      "stocks                              0.715450       0.839485      0.714359   \n",
      "investing                           0.638399       0.545365      0.641906   \n",
      "StockMarket                         0.477296       0.764764      0.497093   \n",
      "all_minus_StockMarket               1.000000       0.783297      0.999743   \n",
      "all_minus_wsb                       0.783297       1.000000      0.793179   \n",
      "all_combined                        0.999743       0.793179      1.000000   \n",
      "price                               0.787101       0.520978      0.785717   \n",
      "\n",
      "                          price  \n",
      "wallstreetbets         0.790664  \n",
      "stocks                 0.465653  \n",
      "investing              0.426293  \n",
      "StockMarket            0.329889  \n",
      "all_minus_StockMarket  0.787101  \n",
      "all_minus_wsb          0.520978  \n",
      "all_combined           0.785717  \n",
      "price                  1.000000  \n",
      "********************\n",
      "PLTR: \n",
      "                       wallstreetbets    stocks  investing  StockMarket  \\\n",
      "wallstreetbets               1.000000  0.746308   0.158676     0.525643   \n",
      "stocks                       0.746308  1.000000   0.093208     0.370905   \n",
      "investing                    0.158676  0.093208   1.000000    -0.066460   \n",
      "StockMarket                  0.525643  0.370905  -0.066460     1.000000   \n",
      "all_minus_StockMarket        0.998915  0.776134   0.163720     0.522513   \n",
      "all_minus_wsb                0.789516  0.980206   0.162607     0.526705   \n",
      "all_combined                 0.998886  0.775535   0.161369     0.533645   \n",
      "price                        0.356989  0.309504  -0.196162     0.255097   \n",
      "\n",
      "                       all_minus_StockMarket  all_minus_wsb  all_combined  \\\n",
      "wallstreetbets                      0.998915       0.789516      0.998886   \n",
      "stocks                              0.776134       0.980206      0.775535   \n",
      "investing                           0.163720       0.162607      0.161369   \n",
      "StockMarket                         0.522513       0.526705      0.533645   \n",
      "all_minus_StockMarket               1.000000       0.816122      0.999914   \n",
      "all_minus_wsb                       0.816122       1.000000      0.817594   \n",
      "all_combined                        0.999914       0.817594      1.000000   \n",
      "price                               0.357791       0.310678      0.358808   \n",
      "\n",
      "                          price  \n",
      "wallstreetbets         0.356989  \n",
      "stocks                 0.309504  \n",
      "investing             -0.196162  \n",
      "StockMarket            0.255097  \n",
      "all_minus_StockMarket  0.357791  \n",
      "all_minus_wsb          0.310678  \n",
      "all_combined           0.358808  \n",
      "price                  1.000000  \n",
      "********************\n",
      "AAPL: \n",
      "                       wallstreetbets    stocks  investing  StockMarket  \\\n",
      "wallstreetbets               1.000000  0.773367   0.111559     0.386502   \n",
      "stocks                       0.773367  1.000000   0.405465     0.439501   \n",
      "investing                    0.111559  0.405465   1.000000     0.264547   \n",
      "StockMarket                  0.386502  0.439501   0.264547     1.000000   \n",
      "all_minus_StockMarket        0.984510  0.867065   0.240320     0.424446   \n",
      "all_minus_wsb                0.703266  0.960297   0.600974     0.582996   \n",
      "all_combined                 0.982210  0.869602   0.247595     0.461823   \n",
      "price                        0.060133 -0.084823  -0.681617     0.091806   \n",
      "\n",
      "                       all_minus_StockMarket  all_minus_wsb  all_combined  \\\n",
      "wallstreetbets                      0.984510       0.703266      0.982210   \n",
      "stocks                              0.867065       0.960297      0.869602   \n",
      "investing                           0.240320       0.600974      0.247595   \n",
      "StockMarket                         0.424446       0.582996      0.461823   \n",
      "all_minus_StockMarket               1.000000       0.814031      0.999131   \n",
      "all_minus_wsb                       0.814031       1.000000      0.824258   \n",
      "all_combined                        0.999131       0.824258      1.000000   \n",
      "price                              -0.012375      -0.211201     -0.007895   \n",
      "\n",
      "                          price  \n",
      "wallstreetbets         0.060133  \n",
      "stocks                -0.084823  \n",
      "investing             -0.681617  \n",
      "StockMarket            0.091806  \n",
      "all_minus_StockMarket -0.012375  \n",
      "all_minus_wsb         -0.211201  \n",
      "all_combined          -0.007895  \n",
      "price                  1.000000  \n",
      "********************\n",
      "SPCE: \n",
      "                       wallstreetbets    stocks  investing  StockMarket  \\\n",
      "wallstreetbets               1.000000  0.600001  -0.162323    -0.395912   \n",
      "stocks                       0.600001  1.000000  -0.350130    -0.465748   \n",
      "investing                   -0.162323 -0.350130   1.000000     0.666557   \n",
      "StockMarket                 -0.395912 -0.465748   0.666557     1.000000   \n",
      "all_minus_StockMarket        0.999345  0.605644  -0.131517    -0.378414   \n",
      "all_minus_wsb                0.105613  0.151491   0.858950     0.572717   \n",
      "all_combined                 0.999118  0.603193  -0.125191    -0.369617   \n",
      "price                        0.235533  0.129723   0.271005    -0.320225   \n",
      "\n",
      "                       all_minus_StockMarket  all_minus_wsb  all_combined  \\\n",
      "wallstreetbets                      0.999345       0.105613      0.999118   \n",
      "stocks                              0.605644       0.151491      0.603193   \n",
      "investing                          -0.131517       0.858950     -0.125191   \n",
      "StockMarket                        -0.378414       0.572717     -0.369617   \n",
      "all_minus_StockMarket               1.000000       0.140861      0.999955   \n",
      "all_minus_wsb                       0.140861       1.000000      0.147270   \n",
      "all_combined                        0.999955       0.147270      1.000000   \n",
      "price                               0.246803       0.241415      0.244468   \n",
      "\n",
      "                          price  \n",
      "wallstreetbets         0.235533  \n",
      "stocks                 0.129723  \n",
      "investing              0.271005  \n",
      "StockMarket           -0.320225  \n",
      "all_minus_StockMarket  0.246803  \n",
      "all_minus_wsb          0.241415  \n",
      "all_combined           0.244468  \n",
      "price                  1.000000  \n",
      "********************\n",
      "AMZN: \n",
      "                       wallstreetbets    stocks  investing  StockMarket  \\\n",
      "wallstreetbets               1.000000  0.268176   0.135553     0.552505   \n",
      "stocks                       0.268176  1.000000   0.430106     0.654431   \n",
      "investing                    0.135553  0.430106   1.000000     0.070695   \n",
      "StockMarket                  0.552505  0.654431   0.070695     1.000000   \n",
      "all_minus_StockMarket        0.868310  0.648931   0.514394     0.647520   \n",
      "all_minus_wsb                0.293789  0.902120   0.770837     0.548699   \n",
      "all_combined                 0.866904  0.661842   0.498727     0.680461   \n",
      "price                        0.293902  0.394634   0.021513     0.583287   \n",
      "\n",
      "                       all_minus_StockMarket  all_minus_wsb  all_combined  \\\n",
      "wallstreetbets                      0.868310       0.293789      0.866904   \n",
      "stocks                              0.648931       0.902120      0.661842   \n",
      "investing                           0.514394       0.770837      0.498727   \n",
      "StockMarket                         0.647520       0.548699      0.680461   \n",
      "all_minus_StockMarket               1.000000       0.727379      0.999029   \n",
      "all_minus_wsb                       0.727379       1.000000      0.731165   \n",
      "all_combined                        0.999029       0.731165      1.000000   \n",
      "price                               0.355613       0.318163      0.375675   \n",
      "\n",
      "                          price  \n",
      "wallstreetbets         0.293902  \n",
      "stocks                 0.394634  \n",
      "investing              0.021513  \n",
      "StockMarket            0.583287  \n",
      "all_minus_StockMarket  0.355613  \n",
      "all_minus_wsb          0.318163  \n",
      "all_combined           0.375675  \n",
      "price                  1.000000  \n",
      "********************\n",
      "FORD: \n",
      "                       wallstreetbets    stocks  investing  StockMarket  \\\n",
      "wallstreetbets               1.000000  0.881486   0.317725     0.245941   \n",
      "stocks                       0.881486  1.000000   0.157092     0.254929   \n",
      "investing                    0.317725  0.157092   1.000000     0.577579   \n",
      "StockMarket                  0.245941  0.254929   0.577579     1.000000   \n",
      "all_minus_StockMarket        0.988488  0.942565   0.285519     0.262012   \n",
      "all_minus_wsb                0.886751  0.996833   0.222923     0.324709   \n",
      "all_combined                 0.988113  0.942569   0.294386     0.278477   \n",
      "price                        0.483944  0.518979   0.295669     0.354625   \n",
      "\n",
      "                       all_minus_StockMarket  all_minus_wsb  all_combined  \\\n",
      "wallstreetbets                      0.988488       0.886751      0.988113   \n",
      "stocks                              0.942565       0.996833      0.942569   \n",
      "investing                           0.285519       0.222923      0.294386   \n",
      "StockMarket                         0.262012       0.324709      0.278477   \n",
      "all_minus_StockMarket               1.000000       0.946049      0.999854   \n",
      "all_minus_wsb                       0.946049       1.000000      0.947272   \n",
      "all_combined                        0.999854       0.947272      1.000000   \n",
      "price                               0.510375       0.537455      0.514215   \n",
      "\n",
      "                          price  \n",
      "wallstreetbets         0.483944  \n",
      "stocks                 0.518979  \n",
      "investing              0.295669  \n",
      "StockMarket            0.354625  \n",
      "all_minus_StockMarket  0.510375  \n",
      "all_minus_wsb          0.537455  \n",
      "all_combined           0.514215  \n",
      "price                  1.000000  \n",
      "********************\n",
      "AMD: \n",
      "                       wallstreetbets    stocks  investing  StockMarket  \\\n",
      "wallstreetbets               1.000000  0.861262   0.350746     0.735021   \n",
      "stocks                       0.861262  1.000000   0.223291     0.676404   \n",
      "investing                    0.350746  0.223291   1.000000     0.206879   \n",
      "StockMarket                  0.735021  0.676404   0.206879     1.000000   \n",
      "all_minus_StockMarket        0.997745  0.881602   0.390092     0.735030   \n",
      "all_minus_wsb                0.876536  0.915715   0.573307     0.740371   \n",
      "all_combined                 0.997629  0.882209   0.387927     0.747018   \n",
      "price                       -0.197640 -0.332369   0.585403    -0.072627   \n",
      "\n",
      "                       all_minus_StockMarket  all_minus_wsb  all_combined  \\\n",
      "wallstreetbets                      0.997745       0.876536      0.997629   \n",
      "stocks                              0.881602       0.915715      0.882209   \n",
      "investing                           0.390092       0.573307      0.387927   \n",
      "StockMarket                         0.735030       0.740371      0.747018   \n",
      "all_minus_StockMarket               1.000000       0.905763      0.999841   \n",
      "all_minus_wsb                       0.905763       1.000000      0.907583   \n",
      "all_combined                        0.999841       0.907583      1.000000   \n",
      "price                              -0.177880      -0.027409     -0.176321   \n",
      "\n",
      "                          price  \n",
      "wallstreetbets        -0.197640  \n",
      "stocks                -0.332369  \n",
      "investing              0.585403  \n",
      "StockMarket           -0.072627  \n",
      "all_minus_StockMarket -0.177880  \n",
      "all_minus_wsb         -0.027409  \n",
      "all_combined          -0.176321  \n",
      "price                  1.000000  \n",
      "********************\n",
      "TSLA: \n",
      "                       wallstreetbets    stocks  investing  StockMarket  \\\n",
      "wallstreetbets               1.000000  0.704536   0.052138     0.047731   \n",
      "stocks                       0.704536  1.000000   0.505534     0.272478   \n",
      "investing                    0.052138  0.505534   1.000000     0.053282   \n",
      "StockMarket                  0.047731  0.272478   0.053282     1.000000   \n",
      "all_minus_StockMarket        0.979160  0.825758   0.228192     0.095705   \n",
      "all_minus_wsb                0.490027  0.906313   0.661340     0.559794   \n",
      "all_combined                 0.969173  0.841400   0.230233     0.197871   \n",
      "price                       -0.401653 -0.674567  -0.391484    -0.087472   \n",
      "\n",
      "                       all_minus_StockMarket  all_minus_wsb  all_combined  \\\n",
      "wallstreetbets                      0.979160       0.490027      0.969173   \n",
      "stocks                              0.825758       0.906313      0.841400   \n",
      "investing                           0.228192       0.661340      0.230233   \n",
      "StockMarket                         0.095705       0.559794      0.197871   \n",
      "all_minus_StockMarket               1.000000       0.641468      0.994666   \n",
      "all_minus_wsb                       0.641468       1.000000      0.689693   \n",
      "all_combined                        0.994666       0.689693      1.000000   \n",
      "price                              -0.499498      -0.591923     -0.500944   \n",
      "\n",
      "                          price  \n",
      "wallstreetbets        -0.401653  \n",
      "stocks                -0.674567  \n",
      "investing             -0.391484  \n",
      "StockMarket           -0.087472  \n",
      "all_minus_StockMarket -0.499498  \n",
      "all_minus_wsb         -0.591923  \n",
      "all_combined          -0.500944  \n",
      "price                  1.000000  \n",
      "********************\n",
      "ATH: \n",
      "                       wallstreetbets    stocks  investing  StockMarket  \\\n",
      "wallstreetbets               1.000000  0.588836   0.701329     0.461842   \n",
      "stocks                       0.588836  1.000000   0.692635     0.177983   \n",
      "investing                    0.701329  0.692635   1.000000     0.039835   \n",
      "StockMarket                  0.461842  0.177983   0.039835     1.000000   \n",
      "all_minus_StockMarket        0.996364  0.649341   0.747643     0.437312   \n",
      "all_minus_wsb                0.756499  0.929991   0.864326     0.330314   \n",
      "all_combined                 0.996769  0.646440   0.740054     0.458008   \n",
      "price                       -0.111606  0.151785  -0.430923     0.246584   \n",
      "\n",
      "                       all_minus_StockMarket  all_minus_wsb  all_combined  \\\n",
      "wallstreetbets                      0.996364       0.756499      0.996769   \n",
      "stocks                              0.649341       0.929991      0.646440   \n",
      "investing                           0.747643       0.864326      0.740054   \n",
      "StockMarket                         0.437312       0.330314      0.458008   \n",
      "all_minus_StockMarket               1.000000       0.807384      0.999732   \n",
      "all_minus_wsb                       0.807384       1.000000      0.806582   \n",
      "all_combined                        0.999732       0.806582      1.000000   \n",
      "price                              -0.115643      -0.057714     -0.107965   \n",
      "\n",
      "                          price  \n",
      "wallstreetbets        -0.111606  \n",
      "stocks                 0.151785  \n",
      "investing             -0.430923  \n",
      "StockMarket            0.246584  \n",
      "all_minus_StockMarket -0.115643  \n",
      "all_minus_wsb         -0.057714  \n",
      "all_combined          -0.107965  \n",
      "price                  1.000000  \n",
      "********************\n",
      "NOK: \n",
      "                       wallstreetbets    stocks  investing  StockMarket  \\\n",
      "wallstreetbets               1.000000 -0.080514   0.400533     0.728734   \n",
      "stocks                      -0.080514  1.000000  -0.203831    -0.096738   \n",
      "investing                    0.400533 -0.203831   1.000000     0.588663   \n",
      "StockMarket                  0.728734 -0.096738   0.588663     1.000000   \n",
      "all_minus_StockMarket        0.999880 -0.069006   0.407775     0.731530   \n",
      "all_minus_wsb                0.538780  0.431814   0.688012     0.766628   \n",
      "all_combined                 0.999812 -0.069570   0.411317     0.737199   \n",
      "price                        0.423783  0.067546   0.200541     0.520434   \n",
      "\n",
      "                       all_minus_StockMarket  all_minus_wsb  all_combined  \\\n",
      "wallstreetbets                      0.999880       0.538780      0.999812   \n",
      "stocks                             -0.069006       0.431814     -0.069570   \n",
      "investing                           0.407775       0.688012      0.411317   \n",
      "StockMarket                         0.731530       0.766628      0.737199   \n",
      "all_minus_StockMarket               1.000000       0.550563      0.999965   \n",
      "all_minus_wsb                       0.550563       1.000000      0.555001   \n",
      "all_combined                        0.999965       0.555001      1.000000   \n",
      "price                               0.425463       0.415597      0.428010   \n",
      "\n",
      "                          price  \n",
      "wallstreetbets         0.423783  \n",
      "stocks                 0.067546  \n",
      "investing              0.200541  \n",
      "StockMarket            0.520434  \n",
      "all_minus_StockMarket  0.425463  \n",
      "all_minus_wsb          0.415597  \n",
      "all_combined           0.428010  \n",
      "price                  1.000000  \n",
      "********************\n",
      "ITM: \n",
      "                       wallstreetbets    stocks  investing  StockMarket  \\\n",
      "wallstreetbets               1.000000  0.309245   0.547413     0.273529   \n",
      "stocks                       0.309245  1.000000  -0.051610     0.030584   \n",
      "investing                    0.547413 -0.051610   1.000000     0.611356   \n",
      "StockMarket                  0.273529  0.030584   0.611356     1.000000   \n",
      "all_minus_StockMarket        0.997519  0.330407   0.594175     0.308640   \n",
      "all_minus_wsb                0.585715  0.345439   0.879731     0.775195   \n",
      "all_combined                 0.995386  0.327269   0.611074     0.345069   \n",
      "price                       -0.065766  0.274464  -0.106474     0.221052   \n",
      "\n",
      "                       all_minus_StockMarket  all_minus_wsb  all_combined  \\\n",
      "wallstreetbets                      0.997519       0.585715      0.995386   \n",
      "stocks                              0.330407       0.345439      0.327269   \n",
      "investing                           0.594175       0.879731      0.611074   \n",
      "StockMarket                         0.308640       0.775195      0.345069   \n",
      "all_minus_StockMarket               1.000000       0.637822      0.999257   \n",
      "all_minus_wsb                       0.637822       1.000000      0.660781   \n",
      "all_combined                        0.999257       0.660781      1.000000   \n",
      "price                              -0.058327       0.103939     -0.048598   \n",
      "\n",
      "                          price  \n",
      "wallstreetbets        -0.065766  \n",
      "stocks                 0.274464  \n",
      "investing             -0.106474  \n",
      "StockMarket            0.221052  \n",
      "all_minus_StockMarket -0.058327  \n",
      "all_minus_wsb          0.103939  \n",
      "all_combined          -0.048598  \n",
      "price                  1.000000  \n",
      "********************\n",
      "AI: \n",
      "                       wallstreetbets    stocks  investing  StockMarket  \\\n",
      "wallstreetbets               1.000000 -0.160721   0.319656     0.411225   \n",
      "stocks                      -0.160721  1.000000  -0.437712     0.090502   \n",
      "investing                    0.319656 -0.437712   1.000000    -0.159509   \n",
      "StockMarket                  0.411225  0.090502  -0.159509     1.000000   \n",
      "all_minus_StockMarket        0.997081 -0.086704   0.303914     0.417434   \n",
      "all_minus_wsb                0.133947  0.853153  -0.266843     0.562774   \n",
      "all_combined                 0.995950 -0.080709   0.290265     0.455623   \n",
      "price                        0.289761 -0.224133   0.531861    -0.135052   \n",
      "\n",
      "                       all_minus_StockMarket  all_minus_wsb  all_combined  \\\n",
      "wallstreetbets                      0.997081       0.133947      0.995950   \n",
      "stocks                             -0.086704       0.853153     -0.080709   \n",
      "investing                           0.303914      -0.266843      0.290265   \n",
      "StockMarket                         0.417434       0.562774      0.455623   \n",
      "all_minus_StockMarket               1.000000       0.200310      0.999099   \n",
      "all_minus_wsb                       0.200310       1.000000      0.222507   \n",
      "all_combined                        0.999099       0.222507      1.000000   \n",
      "price                               0.282622      -0.159989      0.270550   \n",
      "\n",
      "                          price  \n",
      "wallstreetbets         0.289761  \n",
      "stocks                -0.224133  \n",
      "investing              0.531861  \n",
      "StockMarket           -0.135052  \n",
      "all_minus_StockMarket  0.282622  \n",
      "all_minus_wsb         -0.159989  \n",
      "all_combined           0.270550  \n",
      "price                  1.000000  \n",
      "********************\n",
      "COIN: \n",
      "                       wallstreetbets    stocks  investing  StockMarket  \\\n",
      "wallstreetbets               1.000000  0.615667   0.243168     0.874989   \n",
      "stocks                       0.615667  1.000000   0.051026     0.619819   \n",
      "investing                    0.243168  0.051026   1.000000     0.116847   \n",
      "StockMarket                  0.874989  0.619819   0.116847     1.000000   \n",
      "all_minus_StockMarket        0.988091  0.621087   0.385430     0.853025   \n",
      "all_minus_wsb                0.529012  0.411252   0.920640     0.440365   \n",
      "all_combined                 0.988961  0.623810   0.378776     0.861398   \n",
      "price                       -0.443873 -0.136646  -0.183125    -0.181718   \n",
      "\n",
      "                       all_minus_StockMarket  all_minus_wsb  all_combined  \\\n",
      "wallstreetbets                      0.988091       0.529012      0.988961   \n",
      "stocks                              0.621087       0.411252      0.623810   \n",
      "investing                           0.385430       0.920640      0.378776   \n",
      "StockMarket                         0.853025       0.440365      0.861398   \n",
      "all_minus_StockMarket               1.000000       0.652629      0.999868   \n",
      "all_minus_wsb                       0.652629       1.000000      0.648918   \n",
      "all_combined                        0.999868       0.648918      1.000000   \n",
      "price                              -0.444288      -0.229714     -0.438083   \n",
      "\n",
      "                          price  \n",
      "wallstreetbets        -0.443873  \n",
      "stocks                -0.136646  \n",
      "investing             -0.183125  \n",
      "StockMarket           -0.181718  \n",
      "all_minus_StockMarket -0.444288  \n",
      "all_minus_wsb         -0.229714  \n",
      "all_combined          -0.438083  \n",
      "price                  1.000000  \n",
      "********************\n"
     ]
    }
   ],
   "source": [
    "#TOP_20 = ['AMC','GME','PLTR','AAPL','SPCE','AMZN','FORD','AMD','TSLA','ATH','NOK','OTM','ITM','AI','COIN','VIX','BB','RBLX','HODL']\n",
    "TICKERS = ['AMC','GME','PLTR','AAPL','SPCE','AMZN','FORD','AMD','TSLA','ATH','NOK','ITM','AI','COIN']\n",
    "for ticker in TICKERS:\n",
    "    df = get_stats(ticker)\n",
    "    print(ticker+': ')\n",
    "    print(df.corr())\n",
    "    print(20*'*')"
   ]
  },
  {
   "cell_type": "code",
   "execution_count": 225,
   "id": "later-request",
   "metadata": {},
   "outputs": [],
   "source": []
  },
  {
   "cell_type": "markdown",
   "id": "minor-thailand",
   "metadata": {},
   "source": [
    "# Stats for AMC"
   ]
  },
  {
   "cell_type": "code",
   "execution_count": 234,
   "id": "acceptable-atlas",
   "metadata": {},
   "outputs": [
    {
     "data": {
      "text/html": [
       "<div>\n",
       "<style scoped>\n",
       "    .dataframe tbody tr th:only-of-type {\n",
       "        vertical-align: middle;\n",
       "    }\n",
       "\n",
       "    .dataframe tbody tr th {\n",
       "        vertical-align: top;\n",
       "    }\n",
       "\n",
       "    .dataframe thead th {\n",
       "        text-align: right;\n",
       "    }\n",
       "</style>\n",
       "<table border=\"1\" class=\"dataframe\">\n",
       "  <thead>\n",
       "    <tr style=\"text-align: right;\">\n",
       "      <th></th>\n",
       "      <th>wallstreetbets</th>\n",
       "      <th>stocks</th>\n",
       "      <th>investing</th>\n",
       "      <th>StockMarket</th>\n",
       "      <th>all_minus_wsb</th>\n",
       "      <th>all_combined</th>\n",
       "      <th>price</th>\n",
       "    </tr>\n",
       "  </thead>\n",
       "  <tbody>\n",
       "    <tr>\n",
       "      <th>wallstreetbets</th>\n",
       "      <td>1.000000</td>\n",
       "      <td>0.813851</td>\n",
       "      <td>0.702592</td>\n",
       "      <td>0.842670</td>\n",
       "      <td>0.923542</td>\n",
       "      <td>0.999969</td>\n",
       "      <td>0.954502</td>\n",
       "    </tr>\n",
       "    <tr>\n",
       "      <th>stocks</th>\n",
       "      <td>0.813851</td>\n",
       "      <td>1.000000</td>\n",
       "      <td>0.533894</td>\n",
       "      <td>0.645599</td>\n",
       "      <td>0.920376</td>\n",
       "      <td>0.817276</td>\n",
       "      <td>0.896483</td>\n",
       "    </tr>\n",
       "    <tr>\n",
       "      <th>investing</th>\n",
       "      <td>0.702592</td>\n",
       "      <td>0.533894</td>\n",
       "      <td>1.000000</td>\n",
       "      <td>0.496873</td>\n",
       "      <td>0.619883</td>\n",
       "      <td>0.701978</td>\n",
       "      <td>0.680244</td>\n",
       "    </tr>\n",
       "    <tr>\n",
       "      <th>StockMarket</th>\n",
       "      <td>0.842670</td>\n",
       "      <td>0.645599</td>\n",
       "      <td>0.496873</td>\n",
       "      <td>1.000000</td>\n",
       "      <td>0.888945</td>\n",
       "      <td>0.844907</td>\n",
       "      <td>0.717748</td>\n",
       "    </tr>\n",
       "    <tr>\n",
       "      <th>all_minus_wsb</th>\n",
       "      <td>0.923542</td>\n",
       "      <td>0.920376</td>\n",
       "      <td>0.619883</td>\n",
       "      <td>0.888945</td>\n",
       "      <td>1.000000</td>\n",
       "      <td>0.926520</td>\n",
       "      <td>0.907973</td>\n",
       "    </tr>\n",
       "    <tr>\n",
       "      <th>all_combined</th>\n",
       "      <td>0.999969</td>\n",
       "      <td>0.817276</td>\n",
       "      <td>0.701978</td>\n",
       "      <td>0.844907</td>\n",
       "      <td>0.926520</td>\n",
       "      <td>1.000000</td>\n",
       "      <td>0.955014</td>\n",
       "    </tr>\n",
       "    <tr>\n",
       "      <th>price</th>\n",
       "      <td>0.954502</td>\n",
       "      <td>0.896483</td>\n",
       "      <td>0.680244</td>\n",
       "      <td>0.717748</td>\n",
       "      <td>0.907973</td>\n",
       "      <td>0.955014</td>\n",
       "      <td>1.000000</td>\n",
       "    </tr>\n",
       "  </tbody>\n",
       "</table>\n",
       "</div>"
      ],
      "text/plain": [
       "                wallstreetbets    stocks  investing  StockMarket  \\\n",
       "wallstreetbets        1.000000  0.813851   0.702592     0.842670   \n",
       "stocks                0.813851  1.000000   0.533894     0.645599   \n",
       "investing             0.702592  0.533894   1.000000     0.496873   \n",
       "StockMarket           0.842670  0.645599   0.496873     1.000000   \n",
       "all_minus_wsb         0.923542  0.920376   0.619883     0.888945   \n",
       "all_combined          0.999969  0.817276   0.701978     0.844907   \n",
       "price                 0.954502  0.896483   0.680244     0.717748   \n",
       "\n",
       "                all_minus_wsb  all_combined     price  \n",
       "wallstreetbets       0.923542      0.999969  0.954502  \n",
       "stocks               0.920376      0.817276  0.896483  \n",
       "investing            0.619883      0.701978  0.680244  \n",
       "StockMarket          0.888945      0.844907  0.717748  \n",
       "all_minus_wsb        1.000000      0.926520  0.907973  \n",
       "all_combined         0.926520      1.000000  0.955014  \n",
       "price                0.907973      0.955014  1.000000  "
      ]
     },
     "execution_count": 234,
     "metadata": {},
     "output_type": "execute_result"
    }
   ],
   "source": [
    "amc = get_stats('AMC')\n",
    "amc['date']= pd.to_datetime(amc['date'])\n",
    "amc = amc.sort_values('date')\n",
    "amc.drop(13, axis=0,inplace=True)\n",
    "amc.drop(8, axis=0,inplace=True)\n",
    "amc.drop(9, axis=0,inplace=True)\n",
    "\n",
    "amc.set_index('date')\n",
    "amc.corr()"
   ]
  },
  {
   "cell_type": "code",
   "execution_count": 237,
   "id": "lovely-information",
   "metadata": {},
   "outputs": [
    {
     "data": {
      "text/plain": [
       "<AxesSubplot:>"
      ]
     },
     "execution_count": 237,
     "metadata": {},
     "output_type": "execute_result"
    },
    {
     "data": {
